[
["9-1-1- Lone Star (2020).png",[((8, 7, 4), 834247), ((166, 159, 144), 268493), ((255, 255, 255), 225940), ((197, 102, 72), 107172), ((80, 80, 78), 46129), ((94, 36, 16), 9362), ((238, 186, 126), 5107), ((43, 105, 164), 975), ((213, 203, 53), 809), ((211, 43, 29), 795), ((160, 32, 70), 475), ((248, 137, 27), 447), ((11, 32, 83), 33), ((166, 110, 138), 10), ((155, 180, 223), 6)]],

["A Christmas Gift from Bob (2020).jpg",[((0, 0, 0), 558913), ((255, 255, 255), 528855), ((171, 140, 135), 263933), ((239, 160, 119), 59285), ((138, 0, 0), 40973), ((234, 153, 38), 22801), ((71, 74, 89), 9087), ((68, 9, 15), 9065), ((110, 60, 9), 3278), ((218, 0, 0), 2665), ((252, 217, 125), 860), ((152, 143, 76), 147), ((213, 90, 95), 132), ((101, 160, 154), 4), ((43, 56, 3), 2)]],

["A l'aventure (2009).jpg",[((243, 239, 227), 1180547), ((0, 0, 0), 197154), ((194, 147, 43), 85518), ((129, 121, 110), 35557), ((78, 61, 17), 1024), ((255, 236, 159), 200)]],

["Acrimony (2018).png",[((0, 0, 0), 907415), ((145, 144, 142), 313245), ((254, 253, 249), 110049), ((174, 30, 30), 78243), ((0, 74, 84), 61372), ((100, 38, 38), 20452), ((227, 185, 140), 9025), ((215, 129, 144), 121), ((27, 136, 105), 40), ((0, 0, 53), 30), ((137, 98, 51), 7), ((97, 75, 110), 1)]],

["American Gigolo (1980).jpg",[((0, 0, 0), 891346), ((255, 255, 255), 232615), ((88, 84, 75), 168089), ((96, 182, 229), 128241), ((197, 134, 101), 69304), ((0, 69, 102), 10239), ((255, 220, 168), 117), ((112, 47, 29), 36), ((157, 170, 161), 13)]],

["An Audience with Mel Brooks (1984).jpeg",[((0, 0, 0), 583473), ((255, 255, 255), 486370), ((239, 195, 150), 165787), ((82, 82, 82), 162276), ((164, 166, 163), 77378), ((151, 107, 72), 24716)]],

["Ant-Man and the Wasp (2018).jpeg",[((2, 2, 2), 548414), ((196, 168, 61), 271455), ((79, 32, 22), 166534), ((114, 153, 192), 165408), ((255, 255, 255), 144564), ((151, 156, 133), 113245), ((197, 134, 91), 44823), ((221, 50, 30), 36247), ((43, 68, 98), 8408), ((246, 221, 165), 482), ((109, 104, 38), 231), ((254, 145, 28), 92), ((140, 21, 23), 74), ((171, 117, 131), 15), ((248, 112, 114), 5), ((40, 92, 69), 2), ((242, 237, 75), 1)]],

["Aquaman (2018).jpeg",[((0, 0, 0), 1010529), ((82, 82, 82), 242590), ((255, 255, 255), 226023), ((163, 163, 163), 17134), ((224, 219, 163), 2278), ((130, 121, 66), 1438), ((191, 174, 60), 7), ((67, 43, 0), 1)]],

["Ballers (2015).png",[((0, 0, 0), 728380), ((255, 255, 255), 496564), ((143, 143, 143), 220984), ((253, 212, 75), 48588), ((144, 121, 44), 3711), ((66, 55, 21), 989), ((154, 71, 17), 423), ((237, 239, 164), 319), ((232, 140, 29), 16), ((63, 2, 0), 11), ((229, 160, 121), 10), ((59, 63, 90), 3), ((3, 7, 94), 1), ((254, 255, 22), 1)]],

["Barb Wire (1996).png",[((11, 12, 11), 682112), ((112, 61, 51), 280271), ((200, 113, 66), 265767), ((255, 255, 255), 149909), ((238, 190, 146), 68801), ((66, 86, 101), 48912), ((140, 178, 199), 3737), ((207, 125, 138), 491)]],

["Batman & Robin (1997).png",[((0, 0, 0), 875109), ((72, 88, 88), 418273), ((255, 255, 255), 161346), ((255, 216, 154), 24572), ((167, 165, 165), 10573), ((129, 66, 48), 9291), ((191, 57, 42), 719), ((218, 136, 90), 110), ((150, 210, 172), 4), ((149, 140, 67), 2), ((71, 112, 165), 1)]],

["Big Fat Quiz (2004).jpeg",[((18, 71, 123), 836660), ((10, 11, 16), 303590), ((228, 164, 129), 165684), ((246, 234, 248), 67104), ((251, 196, 67), 65682), ((89, 57, 42), 51923), ((151, 118, 25), 4731), ((159, 144, 167), 3978), ((177, 75, 71), 431), ((120, 134, 101), 111), ((255, 244, 191), 102), ((41, 58, 0), 2), ((17, 81, 83), 2)]],

["Black Bird (2022).jpg",[((228, 213, 192), 943442), ((1, 1, 1), 451150), ((83, 52, 24), 81682), ((126, 133, 100), 18580), ((24, 72, 82), 4971), ((206, 113, 108), 174), ((82, 153, 171), 1)]],

["Braveheart (1995).jpeg",[((179, 122, 51), 532958), ((0, 0, 0), 532356), ((255, 255, 255), 178086), ((80, 64, 31), 145258), ((241, 241, 131), 57780), ((144, 172, 183), 30686), ((242, 178, 151), 18512), ((59, 88, 94), 3246), ((218, 93, 63), 963), ((153, 104, 107), 155)]],

["Burroughs- The Movie (1984).jpeg",[((4, 5, 9), 876583), ((255, 255, 255), 320797), ((75, 80, 83), 281424), ((161, 166, 169), 21196)]],

["Carrington V.C. (1954).jpg",[((242, 121, 52), 774252), ((25, 12, 4), 219913), ((162, 152, 67), 183912), ((235, 226, 73), 143898), ((255, 255, 218), 121712), ((110, 51, 19), 44514), ((173, 165, 142), 8415), ((67, 67, 0), 1914), ((109, 107, 128), 1414), ((255, 184, 123), 41), ((53, 96, 76), 8), ((158, 220, 231), 7)]],

["Carry On Jack (1963).png",[((0, 0, 0), 725536), ((255, 255, 255), 248264), ((135, 170, 189), 218136), ((77, 76, 70), 184454), ((141, 82, 42), 68720), ((229, 188, 134), 54010), ((29, 53, 94), 523), ((75, 20, 22), 352), ((194, 143, 146), 3), ((114, 117, 48), 2)]],

["Castle (2009).jpeg",[((4, 4, 4), 841277), ((35, 59, 103), 444558), ((82, 82, 80), 110728), ((255, 255, 255), 52931), ((225, 175, 126), 31062), ((144, 160, 183), 12826), ((112, 58, 20), 3391), ((252, 221, 42), 2834), ((177, 115, 138), 200), ((177, 150, 33), 163), ((251, 241, 144), 28), ((87, 89, 16), 2)]],

["Certified Copy (2010).jpg",[((255, 255, 255), 441810), ((0, 0, 0), 427464), ((86, 81, 75), 166289), ((192, 150, 110), 156326), ((245, 217, 74), 113850), ((213, 32, 23), 66629), ((96, 145, 36), 47682), ((118, 170, 157), 47556), ((231, 152, 49), 15291), ((126, 18, 16), 15172), ((227, 99, 100), 1112), ((111, 92, 0), 626), ((218, 230, 148), 190), ((23, 45, 0), 3)]],

["Child's Play Collection.jpeg",[((4, 0, 1), 529909), ((255, 255, 255), 402892), ((114, 20, 21), 241056), ((129, 130, 132), 211440), ((25, 34, 77), 49815), ((191, 115, 119), 31779), ((251, 2, 0), 28446), ((31, 62, 30), 1535), ((168, 201, 246), 1506), ((4, 122, 192), 731), ((104, 41, 72), 481), ((200, 25, 42), 371), ((247, 129, 93), 25), ((120, 133, 77), 6), ((113, 241, 255), 4), ((255, 195, 162), 4)]],

["Christiane F. (1981).jpeg",[((0, 0, 0), 627687), ((89, 84, 62), 438801), ((219, 203, 152), 264579), ((255, 255, 255), 120716), ((64, 10, 0), 28488), ((159, 38, 29), 13311), ((171, 151, 152), 5830), ((158, 118, 56), 546), ((216, 123, 116), 42)]],

["Creed III (2023).jpg",[((17, 16, 22), 1229079), ((255, 255, 255), 105984), ((120, 120, 122), 68450), ((156, 52, 61), 52623), ((177, 128, 88), 21665), ((202, 0, 0), 16430), ((91, 56, 37), 5768), ((253, 181, 184), 1)]],

["Day Shift (2022).png",[((0, 0, 0), 570309), ((251, 47, 20), 302560), ((252, 187, 83), 209011), ((255, 255, 255), 164639), ((95, 233, 252), 89482), ((155, 155, 155), 36251), ((4, 48, 97), 36040), ((135, 3, 4), 25032), ((182, 119, 78), 19246), ((249, 125, 53), 12949), ((69, 135, 100), 10541), ((61, 1, 1), 9011), ((4, 123, 179), 7281), ((83, 71, 54), 4102), ((51, 212, 176), 2104), ((232, 203, 155), 807), ((20, 177, 88), 304), ((200, 245, 169), 219), ((144, 163, 50), 35), ((255, 97, 98), 33), ((250, 241, 90), 24), ((156, 63, 80), 20)]],

["Die Hard 2 (1990).png",[((15, 5, 4), 898792), ((255, 255, 255), 254490), ((78, 25, 9), 138586), ((150, 36, 17), 106683), ((236, 162, 103), 62267), ((234, 85, 25), 18910), ((99, 99, 99), 14129), ((253, 216, 75), 5349), ((254, 238, 163), 615), ((245, 113, 110), 110), ((179, 170, 140), 42), ((129, 92, 27), 24), ((251, 176, 186), 2), ((143, 180, 202), 1)]],

["Dracula (2020).png",[((217, 35, 32), 709113), ((30, 4, 3), 580589), ((84, 4, 7), 144309), ((255, 255, 255), 63121), ((113, 98, 97), 2744), ((198, 103, 100), 123), ((216, 176, 150), 1)]],

["Encore! (2019).jpeg",[((17, 17, 27), 856393), ((10, 35, 91), 197682), ((251, 241, 92), 138919), ((103, 133, 197), 89108), ((165, 102, 119), 77431), ((135, 60, 29), 49378), ((254, 255, 255), 45635), ((231, 182, 142), 18704), ((105, 193, 215), 12010), ((220, 102, 30), 9662), ((80, 89, 106), 1725), ((54, 46, 0), 1521), ((152, 126, 41), 1442), ((242, 168, 45), 224), ((15, 80, 184), 113), ((83, 19, 43), 21), ((219, 81, 97), 18), ((150, 178, 137), 11), ((245, 252, 174), 3)]],

["Fat Albert (2004).jpeg",[((204, 31, 37), 489194), ((255, 255, 255), 475182), ((1, 2, 4), 247584), ((108, 16, 19), 109054), ((185, 102, 70), 69689), ((100, 100, 100), 59323), ((1, 46, 85), 48251), ((227, 179, 156), 1700), ((0, 123, 167), 12), ((242, 100, 126), 8), ((74, 16, 56), 3)]],

["For Life (2020).jpg",[((212, 205, 187), 581866), ((3, 3, 3), 415583), ((219, 80, 51), 232082), ((109, 106, 101), 131628), ((210, 143, 90), 96741), ((82, 23, 15), 42081), ((154, 158, 196), 11), ((50, 56, 90), 8)]],

["Force of Nature (2020).jpeg",[((16, 36, 45), 746087), ((198, 183, 152), 297755), ((130, 235, 230), 198452), ((47, 111, 120), 173447), ((110, 75, 53), 84240), ((60, 149, 105), 10), ((5, 65, 31), 8), ((231, 238, 254), 1)]],

["From Dusk Till Dawn (1996).jpg",[((0, 0, 0), 810353), ((255, 255, 255), 500961), ((176, 0, 0), 87135), ((205, 114, 0), 34301), ((95, 0, 0), 22225), ((139, 139, 139), 20554), ((0, 60, 92), 7958), ((218, 174, 113), 6646), ((249, 153, 157), 5493), ((129, 203, 242), 2670), ((66, 52, 17), 1242), ((0, 126, 198), 308), ((192, 159, 0), 124), ((130, 72, 84), 14), ((0, 12, 71), 7), ((195, 57, 80), 6), ((121, 97, 1), 2), ((215, 239, 177), 1)]],

["Gladiator (2000).jpg",[((0, 0, 0), 695904), ((233, 191, 79), 317210), ((253, 247, 231), 260574), ((156, 138, 98), 169216), ((84, 53, 25), 40724), ((193, 114, 57), 16372)]],

["Goodnight Sweetheart (1993).jpg",[((0, 0, 0), 1175505), ((232, 232, 232), 104737), ((193, 112, 91), 71950), ((251, 187, 2), 65824), ((93, 109, 135), 50502), ((110, 26, 0), 29704), ((115, 81, 0), 1069), ((94, 64, 56), 568), ((202, 167, 73), 140), ((42, 37, 77), 1)]],

["Harry Potter and the Chamber of Secrets (2002).jpeg",[((1, 3, 2), 891328), ((7, 80, 73), 326911), ((255, 255, 255), 138837), ((53, 161, 145), 108032), ((186, 169, 151), 30160), ((111, 123, 57), 3043), ((88, 64, 36), 911), ((55, 236, 191), 576), ((108, 240, 253), 160), ((219, 186, 109), 13), ((172, 94, 92), 12), ((115, 107, 128), 10), ((198, 247, 181), 6), ((5, 147, 187), 1)]],

["Hearts in Atlantis (2001) (1).png",[((0, 0, 0), 823144), ((158, 114, 69), 315510), ((253, 253, 253), 160737), ((86, 26, 12), 124371), ((247, 202, 149), 31699), ((197, 80, 0), 30647), ((161, 160, 160), 10459), ((121, 82, 95), 1799), ((234, 158, 60), 1477), ((233, 121, 107), 153), ((233, 216, 76), 4)]],

["Hearts in Atlantis (2001).png",[((0, 0, 0), 823144), ((158, 114, 69), 315510), ((253, 253, 253), 160737), ((86, 26, 12), 124371), ((247, 202, 149), 31699), ((197, 80, 0), 30647), ((161, 160, 160), 10459), ((121, 82, 95), 1799), ((234, 158, 60), 1477), ((233, 121, 107), 153), ((233, 216, 76), 4)]],

["Honest Thief (2020).jpeg",[((0, 0, 0), 1169225), ((40, 94, 94), 132622), ((255, 255, 255), 101451), ((154, 99, 79), 51989), ((219, 47, 25), 28070), ((59, 0, 0), 12394), ((162, 162, 162), 3768), ((247, 186, 158), 309), ((127, 217, 208), 151), ((129, 22, 14), 21)]],

["In Pursuit of Honor (1995).jpg",[((0, 0, 0), 537308), ((255, 255, 175), 339396), ((255, 255, 255), 166692), ((136, 137, 95), 155539), ((201, 84, 51), 152726), ((85, 59, 42), 116316), ((255, 182, 87), 25222), ((255, 255, 103), 6269), ((101, 15, 2), 424), ((137, 90, 22), 66), ((217, 144, 127), 42)]],

["Insidious- Chapter 2 (2013).png",[((0, 0, 0), 1375236), ((164, 164, 164), 78418), ((255, 255, 255), 28566), ((89, 50, 50), 12163), ((209, 10, 9), 5480), ((110, 3, 3), 137)]],

["Into the Blue 2- The Reef (2009).jpg",[((255, 255, 255), 771518), ((0, 0, 0), 282977), ((38, 57, 89), 164109), ((151, 182, 236), 121256), ((154, 154, 154), 107079), ((43, 106, 209), 53001), ((0, 30, 105), 60)]],

["iZombie (2015).png",[((74, 74, 72), 900527), ((255, 255, 255), 527820), ((165, 165, 163), 56538), ((35, 0, 0), 14677), ((102, 12, 21), 283), ((73, 136, 93), 87), ((2, 43, 9), 44), ((181, 106, 115), 24)]],

["Journey to Italy (1954).jpeg",[((13, 9, 10), 790749), ((158, 159, 163), 636082), ((255, 205, 0), 59240), ((175, 152, 40), 7175), ((96, 62, 0), 4232), ((248, 248, 248), 2416), ((85, 81, 70), 94), ((199, 198, 141), 6), ((29, 23, 67), 5), ((133, 114, 170), 1)]],

["Late Night Mash (2021).jpg",[((22, 17, 47), 1194223), ((218, 213, 207), 202867), ((132, 92, 93), 96439), ((113, 138, 169), 6190), ((68, 0, 11), 263), ((16, 63, 135), 18)]],

["Law & Order- Special Victims Unit (1999).jpg",[((116, 86, 36), 522602), ((4, 4, 4), 466192), ((255, 255, 255), 395298), ((243, 205, 160), 105893), ((140, 136, 127), 8159), ((208, 121, 112), 1637), ((86, 25, 20), 219)]],

["Logan's War- Bound by Honor (1998).jpg",[((0, 0, 0), 544226), ((255, 255, 255), 334863), ((123, 0, 2), 157822), ((176, 100, 87), 145369), ((60, 0, 0), 126615), ((210, 51, 11), 77586), ((112, 111, 107), 45527), ((224, 203, 76), 33879), ((229, 227, 166), 15791), ((227, 129, 58), 15333), ((59, 50, 11), 1195), ((145, 129, 70), 775), ((134, 126, 177), 498), ((255, 188, 172), 441), ((72, 49, 78), 80)]],

["Lucifer (2016).png",[((0, 0, 16), 881558), ((134, 27, 39), 499352), ((191, 134, 141), 61778), ((255, 255, 255), 51258), ((90, 90, 100), 3738), ((255, 198, 100), 1159), ((178, 0, 0), 635), ((76, 44, 23), 463), ((180, 112, 66), 45), ((255, 251, 183), 12), ((240, 99, 107), 1), ((242, 125, 39), 1)]],

["Magnum Force (1973).png",[((255, 255, 255), 1116992), ((25, 23, 24), 188439), ((210, 50, 32), 147039), ((144, 144, 143), 36317), ((202, 116, 92), 7830), ((92, 22, 18), 3383)]],

["Men of Honor (2000).png",[((0, 0, 0), 860999), ((255, 255, 255), 150038), ((152, 152, 152), 134584), ((243, 162, 72), 88082), ((19, 60, 114), 86991), ((255, 216, 165), 85682), ((73, 34, 10), 48655), ((150, 78, 23), 15548), ((59, 78, 85), 11745), ((1, 134, 179), 6373), ((108, 45, 105), 6046), ((121, 118, 41), 2246), ((194, 112, 112), 2017), ((29, 114, 83), 379), ((255, 255, 111), 309), ((229, 92, 23), 208), ((156, 196, 132), 50), ((236, 71, 97), 29), ((225, 166, 214), 10), ((151, 216, 255), 4), ((34, 12, 111), 3), ((209, 80, 165), 2)]],

["Mission- Impossible - Dead Reckoning Part One (2023).jpg",[((254, 254, 254), 805586), ((129, 129, 93), 409749), ((228, 208, 145), 125408), ((0, 0, 0), 108577), ((76, 34, 9), 35373), ((155, 107, 35), 15271), ((243, 231, 97), 34), ((99, 77, 89), 2)]],

["Octopussy (1983).png",[((58, 59, 62), 1301001), ((226, 131, 89), 74735), ((230, 28, 38), 52367), ((215, 215, 215), 36138), ((135, 33, 30), 32885), ((119, 99, 10), 2161), ((153, 114, 96), 504), ((112, 139, 157), 193), ((209, 191, 130), 13), ((52, 1, 1), 3)]],

["Perfect Blue (1998).jpg",[((254, 249, 255), 837994), ((1, 1, 1), 324459), ((162, 178, 227), 206740), ((80, 39, 73), 82404), ((7, 81, 176), 19095), ((94, 104, 116), 18653), ((168, 94, 157), 10403), ((0, 0, 67), 205), ((255, 171, 205), 35), ((114, 179, 173), 12)]],

["Pocketful of Miracles (1961).jpeg",[((0, 0, 0), 903686), ((99, 90, 73), 231429), ((239, 250, 233), 134413), ((187, 125, 84), 113240), ((6, 59, 103), 60763), ((255, 245, 65), 30237), ((97, 34, 43), 23177), ((143, 139, 40), 1743), ((206, 57, 63), 1278), ((174, 115, 133), 31), ((83, 128, 151), 3)]],

["Reginald the Vampire (2022).png",[((6, 2, 51), 542937), ((84, 4, 3), 216530), ((199, 75, 1), 161346), ((0, 0, 0), 131964), ((202, 138, 2), 129683), ((107, 144, 222), 121439), ((43, 76, 111), 99480), ((67, 68, 160), 37985), ((185, 105, 114), 18643), ((255, 195, 255), 14786), ((175, 59, 193), 11390), ((0, 16, 157), 5339), ((255, 255, 255), 3105), ((255, 198, 136), 2481), ((181, 32, 125), 858), ((93, 38, 70), 819), ((133, 205, 246), 569), ((197, 52, 63), 546), ((255, 215, 43), 64), ((64, 105, 251), 33), ((134, 74, 17), 2), ((170, 158, 169), 1)]],

["Remember (2015).jpg",[((1, 2, 48), 559132), ((254, 252, 237), 387108), ((46, 67, 84), 384722), ((138, 104, 102), 166998), ((144, 174, 166), 2013), ((56, 38, 16), 27)]],

["Renegades (2022).png",[((0, 0, 0), 624306), ((148, 26, 26), 538278), ((196, 148, 130), 123370), ((254, 254, 254), 120829), ((71, 13, 12), 71987), ((221, 188, 80), 9645), ((76, 76, 76), 6600), ((247, 130, 70), 3977), ((196, 196, 247), 885), ((247, 247, 180), 82), ((148, 84, 109), 32), ((133, 98, 35), 7), ((241, 50, 46), 2)]],

["Ricky Gervais- Out of England 2 (2010).jpg",[((0, 0, 0), 1119173), ((255, 255, 255), 169258), ((72, 42, 14), 136095), ((155, 71, 24), 46521), ((249, 189, 155), 14840), ((205, 137, 26), 7974), ((99, 95, 96), 5071), ((238, 71, 39), 833), ((85, 67, 117), 148), ((140, 58, 70), 69), ((237, 248, 180), 16), ((148, 122, 73), 2)]],

["Rogue One- A Star Wars Story (2016).png",[((255, 255, 255), 692769), ((0, 0, 0), 416938), ((127, 127, 127), 351515), ((34, 64, 90), 37505), ((134, 77, 109), 849), ((99, 195, 216), 235), ((188, 198, 151), 174), ((219, 176, 210), 15)]],

["Scarface (1983).png",[((0, 0, 0), 650139), ((241, 232, 203), 375863), ((103, 103, 95), 352474), ((223, 31, 42), 88985), ((125, 21, 20), 16267), ((213, 150, 111), 16179), ((122, 182, 176), 45), ((200, 93, 115), 15), ((3, 48, 17), 12), ((83, 55, 13), 9), ((78, 19, 40), 8), ((111, 151, 86), 4)]],

["Screamers (1995).jpeg",[((229, 144, 27), 771059), ((118, 44, 31), 439937), ((0, 0, 0), 258467), ((255, 255, 255), 24714), ((195, 84, 38), 2074), ((247, 209, 162), 1947), ((107, 105, 106), 1014), ((135, 95, 26), 757), ((179, 162, 46), 31)]],

["shawshank.jpg",[((9, 5, 2), 939885), ((237, 230, 212), 289034), ((216, 171, 103), 114010), ((85, 81, 78), 95641), ((63, 0, 0), 35536), ((157, 90, 74), 25893), ((119, 93, 18), 1)]],

["Silo (2023).jpg",[((238, 109, 15), 657552), ((0, 0, 0), 555868), ((249, 189, 30), 172239), ((146, 75, 13), 71566), ((255, 255, 255), 25163), ((65, 37, 0), 9965), ((113, 113, 113), 6324), ((203, 157, 95), 1281), ((219, 230, 38), 22), ((245, 231, 126), 10), ((38, 68, 16), 9), ((127, 130, 17), 1)]],

["Sniper (1993).png",[((0, 0, 0), 665879), ((200, 188, 128), 337613), ((102, 86, 60), 294380), ((255, 255, 255), 111346), ((174, 186, 60), 41981), ((168, 112, 46), 32031), ((89, 20, 13), 8462), ((95, 128, 57), 4945), ((238, 178, 53), 2805), ((163, 164, 164), 312), ((166, 51, 3), 212), ((14, 44, 0), 30), ((52, 56, 93), 4)]],

["Spectre (2015).jpg",[((18, 30, 42), 1160480), ((255, 255, 255), 254481), ((86, 114, 125), 84493), ((91, 36, 68), 358), ((185, 166, 152), 188)]],

["Star Wars- Episode III - Revenge of the Sith (2005).png",[((0, 0, 0), 1089729), ((155, 109, 56), 183850), ((61, 1, 1), 75497), ((255, 249, 236), 63892), ((134, 5, 15), 51259), ((222, 58, 19), 15253), ((228, 198, 135), 9453), ((236, 143, 32), 8040), ((128, 128, 128), 2615), ((145, 77, 85), 134), ((173, 200, 234), 97), ((240, 205, 46), 97), ((43, 24, 87), 67), ((229, 115, 93), 10), ((232, 173, 184), 4), ((52, 52, 11), 2), ((68, 96, 149), 1)]],

["Starsky & Hutch (2004).png",[((0, 0, 0), 688251), ((199, 0, 19), 193033), ((255, 255, 255), 192488), ((205, 101, 6), 151922), ((100, 33, 37), 110024), ((252, 222, 0), 66364), ((248, 181, 178), 42628), ((253, 247, 169), 36107), ((231, 171, 84), 6863), ((109, 103, 11), 4942), ((113, 107, 94), 3476), ((243, 111, 109), 1679), ((130, 178, 206), 1485), ((0, 94, 174), 715), ((27, 67, 95), 13), ((163, 101, 59), 6), ((2, 49, 174), 2), ((189, 100, 134), 1), ((150, 181, 133), 1)]],

["Stolen (2012).png",[((0, 0, 0), 489838), ((67, 123, 150), 410161), ((255, 254, 252), 260682), ((229, 126, 34), 176928), ((88, 30, 0), 87784), ((232, 187, 154), 52724), ((83, 72, 70), 17668), ((159, 44, 0), 2800), ((254, 198, 93), 1225), ((157, 108, 57), 96), ((130, 149, 120), 62), ((216, 176, 205), 17), ((100, 74, 135), 13), ((182, 85, 90), 2)]],

["Superman & Lois (2021).png",[((0, 0, 0), 970859), ((112, 111, 120), 315433), ((228, 190, 181), 91961), ((208, 45, 48), 53427), ((76, 7, 18), 49003), ((184, 96, 82), 12672), ((147, 118, 48), 6189), ((22, 25, 68), 390), ((68, 54, 18), 66)]],

["Superman III (1983).jpeg",[((255, 255, 255), 780260), ((14, 14, 14), 220037), ((22, 92, 152), 196148), ((109, 91, 53), 138019), ((85, 20, 18), 110700), ((187, 169, 149), 45919), ((77, 143, 157), 8895), ((64, 38, 77), 22)]],

["Taken Collection.jpeg",[((13, 13, 13), 1127503), ((86, 86, 86), 222885), ((238, 238, 238), 99640), ((99, 0, 0), 34933), ((203, 26, 32), 15039)]],

["The Answers (2015).png",[((254, 252, 255), 1143925), ((191, 161, 159), 247766), ((79, 99, 123), 93073), ((5, 34, 96), 14945), ((113, 69, 63), 205), ((148, 183, 223), 75), ((36, 19, 35), 11)]],

["The Courier (2020).jpg",[((1, 1, 1), 883974), ((59, 88, 96), 263519), ((133, 23, 26), 167158), ((197, 201, 178), 162518), ((132, 101, 70), 22828), ((227, 154, 148), 3)]],

["The Courier (2020).png",[((5, 4, 5), 1041080), ((86, 70, 55), 313820), ((255, 255, 255), 86347), ((160, 160, 160), 57484), ((22, 83, 101), 995), ((142, 133, 74), 274)]],

["The Equalizer (2014).png",[((0, 0, 0), 1164940), ((88, 87, 82), 199125), ((191, 145, 49), 87563), ((255, 255, 255), 46618), ((187, 163, 151), 1519), ((110, 82, 25), 235)]],

["The Event (2010).png",[((0, 0, 0), 815135), ((139, 139, 139), 390747), ((255, 255, 255), 228475), ((2, 74, 94), 65576), ((64, 52, 14), 65), ((99, 58, 78), 2)]],

["The Fanatic (2019).jpg",[((2, 3, 7), 1035948), ((175, 132, 81), 211005), ((65, 9, 8), 180085), ((250, 250, 250), 50918), ((145, 59, 34), 18514), ((130, 130, 132), 2583), ((255, 150, 137), 914), ((74, 67, 39), 14), ((250, 221, 163), 10), ((138, 69, 100), 9)]],

["The InBetween (2019).png",[((0, 0, 0), 699016), ((255, 255, 255), 547498), ((159, 159, 159), 173459), ((38, 83, 104), 79282), ((90, 21, 102), 136), ((254, 103, 20), 122), ((52, 157, 52), 102), ((217, 73, 85), 101), ((100, 82, 66), 93), ((243, 183, 33), 88), ((231, 147, 155), 34), ((248, 221, 160), 19), ((53, 165, 208), 16), ((255, 161, 109), 15), ((126, 182, 130), 11), ((149, 110, 157), 8)]],

["The Lighthouse (2019).jpeg",[((133, 134, 136), 915989), ((0, 0, 2), 581913), ((254, 255, 255), 2098)]],

["The Muse (1999).jpg",[((189, 150, 95), 515927), ((0, 0, 0), 424875), ((255, 255, 255), 268574), ((88, 88, 88), 150768), ((174, 72, 0), 59975), ((61, 0, 0), 42166), ((185, 147, 2), 29196), ((152, 173, 154), 3242), ((82, 52, 0), 2652), ((0, 68, 8), 1186), ((183, 116, 123), 926), ((255, 240, 178), 188), ((104, 118, 20), 150), ((0, 2, 57), 135), ((246, 103, 97), 31), ((219, 6, 8), 9)]],

["The Practice (1997).jpg",[((6, 6, 6), 1212623), ((255, 255, 255), 158552), ((84, 89, 92), 73508), ((203, 167, 131), 47358), ((139, 171, 194), 3737), ((120, 85, 47), 2807), ((228, 227, 137), 1356), ((61, 2, 0), 42), ((198, 110, 47), 17)]],

["Thunderheart (1992).png",[((0, 0, 0), 785339), ((213, 78, 33), 261513), ((106, 69, 44), 150814), ((255, 251, 207), 115779), ((255, 225, 116), 113047), ((234, 152, 64), 50599), ((77, 85, 104), 16698), ((179, 186, 186), 5843), ((206, 144, 123), 178), ((0, 24, 70), 131), ((72, 152, 196), 26), ((136, 139, 89), 15), ((163, 60, 74), 11), ((0, 40, 0), 7)]],

["W1A (2014).jpg",[((26, 21, 17), 613844), ((236, 247, 116), 337551), ((107, 126, 130), 231126), ((255, 255, 255), 132444), ((123, 170, 2), 43469), ((195, 146, 131), 43301), ((80, 47, 2), 38473), ((135, 1, 12), 28941), ((118, 126, 41), 24099), ((211, 60, 5), 4797), ((197, 86, 102), 1005), ((249, 254, 190), 370), ((165, 108, 19), 346), ((26, 53, 0), 198), ((96, 23, 40), 36)]],

["Waterworld (1995).png",[((5, 6, 10), 590049), ((239, 136, 78), 232137), ((248, 190, 65), 215629), ((77, 87, 138), 187262), ((173, 65, 62), 111869), ((243, 236, 244), 93244), ((78, 40, 17), 34574), ((172, 148, 172), 25817), ((245, 207, 149), 8703), ((161, 119, 79), 380), ((5, 15, 63), 305), ((56, 77, 20), 15), ((212, 52, 16), 6), ((76, 84, 81), 4), ((41, 47, 143), 3), ((243, 254, 127), 2), ((128, 65, 91), 1)]],

["Whitney (2018).jpg",[((184, 99, 62), 806461), ((0, 0, 0), 559193), ((229, 182, 154), 66888), ((76, 26, 17), 63606), ((255, 255, 181), 3354), ((138, 103, 101), 377), ((157, 143, 70), 80), ((255, 252, 253), 37), ((162, 0, 13), 4)]],

]